0,791
0,790
0,789
82,6
82,5
82,4
82,3
82,1
82,0
0,788
0,787
81,6
81,5
81,4
81,3
81,1
81,0
0,786
0,785
0,784
80,6
80,5
80,4
80,3
80,1
80,0
0,783
0,782
0,781
0,780
0,779
0,778
0,777
79,5
79,4
79,3
79,1
79,0
77,35
0,776
78,5
78,4
78,3
78,1
78,0
0,775
0,774
13,58
13,32
13,19
13,43
13,31
13,24
13,7
13,39
0,692
13,55
13,9
0,691
0,690
13,128
0,689
13,59
0,688
13,6
0,687
13,12
0,686
13,28
0,685
13,77
0,684
13,67
0,683
13,35
0,682
13,16
0,681
13,1
0,680
13,65
0,679
0,678
13,2
0,677
13,5
0,676
16,6
0,675
0,674
16,1
16,7
0,673
16,2
0,672
0,671
16,5
0,670
8,7
0,669
0,668
8,6
0,667
8,2
0,666
8,1
0,665
8,5
0,664
0,663
0,662
5,6
0,661
5,2
0,660
5,1
0,659
0,658
5,5
0,657
6,6
0,656
6,2
0,655
6,1
0,654
0,653
6,5
0,652
0,651
0,650
0,649
0,648
0,647
0,646
0,645
0,644
0,643
0,642
0,641
0,640
0,639
0,638
0,637
0,636
0,635
0,634
0,633
0,632
0,631
0,630
0,629
0,628
0,627
0,626
0,625
0,624
0,623
0,622
2,2
0,621
2,1
0,620
0,619
2,5
0,618
0,617
0,616
0,615
0,614
0,613
0,612
0,611
0,610
0,609
0,608
0,607
0,340
0,308
0,305
0,311
0,310
0,0
0,307
0,306
0,13
0,339
0,11
0,9
77,34
77,33
77,32
77,31
77,30
77,29
77,28
77,27
77,26
77,25
77,24
77,23
77,22
77,21
77,20
77,19
77,18
77,17
77,16
77,15
77,14
77,13
77,12
77,11
